4 0.399 0.30533333333333335 0.088 0.10666666666666667
4 0.401 0.4106666666666667 0.086 0.10933333333333334
4 0.152 0.6773333333333333 0.04 0.05333333333333334
4 0.152 0.7293333333333333 0.042 0.050666666666666665
4 0.814 0.6866666666666666 0.038 0.050666666666666665
4 0.812 0.7386666666666667 0.038 0.048
11 0.399 0.5106666666666667 0.092 0.09066666666666667
11 0.151 0.7773333333333333 0.05 0.04
11 0.811 0.784 0.042 0.048
3 0.403 0.404 0.106 0.30666666666666664
3 0.149 0.724 0.052 0.152
3 0.808 0.732 0.05 0.16266666666666665