1 0.28359375 0.625748502994012 0.0734375 0.16467065868263472
11 0.41171875 0.12425149700598802 0.0546875 0.09880239520958084
11 0.2609375 0.06287425149700598 0.075 0.10778443113772455
11 0.3859375 0.48952095808383234 0.096875 0.15269461077844312
11 0.24921875 0.34880239520958084 0.0796875 0.10179640718562874
6 0.1671875 0.687125748502994 0.075 0.10179640718562874
6 0.0515625 0.44610778443113774 0.065625 0.15269461077844312
6 0.3921875 0.23502994011976047 0.09375 0.15868263473053892
6 0.51328125 0.07934131736526946 0.05625 0.10778443113772455
6 0.5390625 0.15868263473053892 0.090625 0.1377245508982036
11 0.04453125 0.6901197604790419 0.06875 0.1467065868263473
0 0.1578125 0.8982035928143712 0.0640625 0.11377245508982035
0 0.27890625 0.8547904191616766 0.05625 0.12275449101796407
0 0.46328125 0.8877245508982036 0.0390625 0.09580838323353294
0 0.315625 0.44011976047904194 0.0296875 0.0718562874251497
0 0.5296875 0.4176646706586826 0.0703125 0.1377245508982036
0 0.13671875 0.33532934131736525 0.05625 0.09880239520958084
1 0.13984375 0.2470059880239521 0.0578125 0.08383233532934131
8 0.28828125 0.7619760479041916 0.06875 0.08383233532934131
8 0.16171875 0.7934131736526946 0.06875 0.09880239520958084
8 0.46015625 0.7844311377245509 0.053125 0.10479041916167664