6 0.141 0.42 0.036 0.050666666666666665
6 0.53 0.44533333333333336 0.034 0.050666666666666665
6 0.704 0.436 0.04 0.048
8 0.761 0.4266666666666667 0.04 0.04
6 0.827 0.41733333333333333 0.046 0.05333333333333334
6 0.93 0.4106666666666667 0.042 0.05333333333333334
9 0.126 0.5 0.068 0.22133333333333333
9 0.526 0.49733333333333335 0.048 0.17066666666666666
9 0.699 0.49066666666666664 0.054 0.17866666666666667
9 0.827 0.468 0.062 0.184
5 0.229 0.5333333333333333 0.052 0.128
5 0.287 0.528 0.036 0.128
5 0.364 0.5146666666666667 0.056 0.19733333333333333
5 0.453 0.5093333333333333 0.048 0.184
5 0.603 0.49333333333333335 0.058 0.18933333333333333
9 0.761 0.48533333333333334 0.056 0.184
4 0.262 0.43066666666666664 0.05 0.06133333333333333