8 0.441 0.084 0.038 0.04
4 0.441 0.12133333333333333 0.04 0.032
4 0.438 0.15733333333333333 0.04 0.048
9 0.441 0.116 0.048 0.144
6 0.668 0.19733333333333333 0.036 0.042666666666666665
4 0.667 0.236 0.034 0.032
4 0.667 0.272 0.04 0.034666666666666665
9 0.666 0.23466666666666666 0.048 0.13066666666666665
9 0.818 0.5226666666666666 0.036 0.09066666666666667
9 0.797 0.6026666666666667 0.024 0.064
9 0.652 0.4866666666666667 0.026 0.064
9 0.542 0.48 0.02 0.06133333333333333
9 0.093 0.43866666666666665 0.036 0.10666666666666667
9 0.131 0.6546666666666666 0.022 0.04
9 0.399 0.5746666666666667 0.014 0.042666666666666665
9 0.458 0.576 0.016 0.04533333333333334
9 0.581 0.652 0.016 0.037333333333333336