3 0.22445255474452555 0.22893772893772893 0.145985401459854 0.4175824175824176
9 0.46897810218978103 0.20146520146520147 0.10583941605839416 0.31135531135531136
9 0.6697080291970803 0.18681318681318682 0.08394160583941605 0.24175824175824176
9 0.8302919708029197 0.1794871794871795 0.06204379562043796 0.19047619047619047
11 0.22627737226277372 0.37362637362637363 0.13503649635036497 0.12087912087912088
6 0.4726277372262774 0.08974358974358974 0.10218978102189781 0.09523809523809523
6 0.666058394160584 0.1043956043956044 0.07664233576642336 0.08058608058608059
6 0.8266423357664233 0.11355311355311355 0.05474452554744526 0.06227106227106227
4 0.21715328467153286 0.08974358974358974 0.13138686131386862 0.13186813186813187
4 0.22262773722627738 0.22893772893772893 0.13503649635036497 0.14652014652014653
4 0.4708029197080292 0.19413919413919414 0.09124087591240876 0.0989010989010989
4 0.4708029197080292 0.304029304029304 0.10583941605839416 0.10622710622710622
4 0.6678832116788321 0.19047619047619047 0.08394160583941605 0.08424908424908426
4 0.6697080291970803 0.27106227106227104 0.07664233576642336 0.0695970695970696
4 0.8266423357664233 0.18315018315018314 0.06934306569343066 0.06593406593406594
4 0.8266423357664233 0.2454212454212454 0.058394160583941604 0.05860805860805861