9 0.803 0.416 0.042 0.16266666666666665
9 0.517 0.43866666666666665 0.038 0.152
9 0.309 0.488 0.032 0.14666666666666667
6 0.804 0.36533333333333334 0.038 0.05333333333333334
6 0.517 0.39466666666666667 0.038 0.04533333333333334
8 0.312 0.436 0.034 0.04
4 0.516 0.43866666666666665 0.044 0.042666666666666665
4 0.517 0.488 0.048 0.05333333333333334
4 0.803 0.4106666666666667 0.04 0.04533333333333334
4 0.798 0.4653333333333333 0.046 0.06133333333333333
4 0.31 0.47333333333333333 0.03 0.037333333333333336
4 0.308 0.5453333333333333 0.034 0.04533333333333334