6 0.21953125 0.40492957746478875 0.1171875 0.176056338028169
10 0.496875 0.4307511737089202 0.0734375 0.107981220657277
11 0.76328125 0.6748826291079812 0.1015625 0.1643192488262911
4 0.765625 0.3767605633802817 0.0984375 0.1572769953051643
4 0.76796875 0.5269953051643192 0.109375 0.13145539906103287
4 0.49765625 0.3227699530516432 0.0625 0.107981220657277
4 0.49453125 0.5481220657276995 0.065625 0.107981220657277
4 0.22734375 0.5880281690140845 0.121875 0.1784037558685446
4 0.2234375 0.7687793427230047 0.1203125 0.176056338028169
9 0.2234375 0.5915492957746479 0.140625 0.5657276995305164
2 0.5 0.4413145539906103 0.103125 0.36619718309859156
3 0.765625 0.5269953051643192 0.1203125 0.49061032863849763