6 0.14296875 0.29583333333333334 0.0359375 0.03333333333333333
4 0.14296875 0.33125 0.0359375 0.025
4 0.14296875 0.36354166666666665 0.034375 0.0375
9 0.14453125 0.31979166666666664 0.053125 0.14375
6 0.33828125 0.29583333333333334 0.0375 0.041666666666666664
4 0.3375 0.33229166666666665 0.040625 0.025
4 0.33828125 0.3697916666666667 0.0390625 0.04375
9 0.33828125 0.33125 0.05 0.12916666666666668
6 0.5453125 0.296875 0.040625 0.04375
4 0.546875 0.33541666666666664 0.0390625 0.029166666666666667
4 0.54609375 0.37395833333333334 0.040625 0.03958333333333333
9 0.54609375 0.33229166666666665 0.046875 0.13333333333333333
6 0.77109375 0.30833333333333335 0.040625 0.027083333333333334
4 0.771875 0.33958333333333335 0.040625 0.027083333333333334
4 0.771875 0.375 0.040625 0.03958333333333333
9 0.76953125 0.33229166666666665 0.0546875 0.14375