11 0.27265625 0.7161073825503356 0.059375 0.04697986577181208
11 0.60859375 0.27114093959731544 0.065625 0.05100671140939597
11 0.7703125 0.7181208053691275 0.0734375 0.0697986577181208
0 0.45703125 0.763758389261745 0.06875 0.06442953020134229
10 0.53984375 0.7127516778523489 0.065625 0.05100671140939597
10 0.72734375 0.34563758389261745 0.059375 0.052348993288590606
10 0.83359375 0.5154362416107383 0.05 0.04832214765100671
10 0.33125 0.21140939597315436 0.0578125 0.04161073825503356
6 0.4375 0.20536912751677852 0.0703125 0.05906040268456376
6 0.5390625 0.12281879194630872 0.0640625 0.05503355704697987
6 0.70703125 0.15436241610738255 0.065625 0.053691275167785234
6 0.85390625 0.35771812080536913 0.06875 0.052348993288590606
6 0.2359375 0.3080536912751678 0.0609375 0.06040268456375839
6 0.3609375 0.4355704697986577 0.0734375 0.06040268456375839
6 0.63203125 0.5510067114093959 0.06875 0.05503355704697987
6 0.540625 0.6543624161073825 0.0546875 0.05503355704697987
4 0.23046875 0.4080536912751678 0.05625 0.04832214765100671
4 0.23359375 0.35838926174496644 0.05 0.040268456375838924
4 0.3296875 0.25906040268456376 0.0453125 0.03758389261744966
4 0.3390625 0.1604026845637584 0.0640625 0.05503355704697987
4 0.26953125 0.6087248322147651 0.071875 0.05503355704697987
4 0.26796875 0.6664429530201342 0.065625 0.052348993288590606
4 0.53984375 0.7711409395973154 0.0625 0.049664429530201344
4 0.63984375 0.4261744966442953 0.065625 0.04697986577181208
4 0.63828125 0.47651006711409394 0.065625 0.042953020134228186
6 0.63984375 0.38053691275167784 0.0625 0.052348993288590606
4 0.43515625 0.24496644295302014 0.065625 0.04697986577181208
4 0.43671875 0.2993288590604027 0.06875 0.053691275167785234
4 0.71171875 0.19328859060402684 0.06875 0.04563758389261745
4 0.7171875 0.24899328859060402 0.0734375 0.052348993288590606
4 0.36015625 0.4885906040268456 0.06875 0.053691275167785234
4 0.35546875 0.5536912751677853 0.065625 0.06845637583892618
4 0.76171875 0.6067114093959731 0.065625 0.06711409395973154
4 0.76796875 0.663758389261745 0.08125 0.06040268456375839
9 0.44140625 0.2550335570469799 0.08125 0.16375838926174496
9 0.36328125 0.4885906040268456 0.084375 0.17718120805369128
9 0.64296875 0.425503355704698 0.084375 0.15033557046979865
9 0.63359375 0.6026845637583893 0.0875 0.17181208053691274
9 0.70703125 0.1912751677852349 0.0875 0.15436241610738255
9 0.85078125 0.40268456375838924 0.0875 0.174496644295302
9 0.23359375 0.35838926174496644 0.08125 0.1691275167785235
2 0.3328125 0.2134228187919463 0.0921875 0.17986577181208055
2 0.7359375 0.34496644295302015 0.0921875 0.15838926174496645
2 0.83359375 0.5221476510067115 0.08125 0.14496644295302014
3 0.27109375 0.6651006711409396 0.109375 0.16778523489932887
3 0.61796875 0.23221476510067113 0.0875 0.14228187919463087
3 0.76484375 0.6671140939597315 0.090625 0.19328859060402684