11 0.4613333333333333 0.415 0.08533333333333333 0.072
11 0.7573333333333333 0.405 0.11466666666666667 0.084
11 0.06133333333333333 0.769 0.12266666666666666 0.09
11 0.5866666666666667 0.134 0.08 0.054
11 0.7226666666666667 0.752 0.05333333333333334 0.056
6 0.9453333333333334 0.656 0.10133333333333333 0.08
6 0.3413333333333333 0.543 0.09866666666666667 0.09
10 0.44533333333333336 0.131 0.096 0.078
4 0.108 0.571 0.15466666666666667 0.092
4 0.3333333333333333 0.625 0.12 0.092
4 0.316 0.719 0.12 0.11
4 0.08533333333333333 0.665 0.128 0.086
4 0.9253333333333333 0.343 0.12 0.082
4 0.9386666666666666 0.413 0.09066666666666667 0.098
4 0.9493333333333334 0.493 0.10133333333333333 0.112
4 0.948 0.74 0.09866666666666667 0.066
4 0.9506666666666667 0.804 0.09866666666666667 0.096
4 0.7466666666666667 0.325 0.10933333333333334 0.078
4 0.45866666666666667 0.353 0.09333333333333334 0.058
3 0.4613333333333333 0.366 0.08266666666666667 0.186
3 0.7493333333333333 0.348 0.144 0.208
3 0.096 0.674 0.192 0.284
3 0.5893333333333334 0.104 0.088 0.136
9 0.3413333333333333 0.627 0.11466666666666667 0.302
9 0.9346666666666666 0.731 0.13066666666666665 0.242
9 0.2693333333333333 0.208 0.14133333333333334 0.186
4 0.5493333333333333 0.475 0.128 0.086