0 0.67375 0.6793893129770993 0.1075 0.18702290076335878
0 0.31875 0.8187022900763359 0.13 0.17557251908396945
6 0.385 0.41603053435114506 0.1075 0.19083969465648856
1 0.5025 0.35877862595419846 0.1125 0.183206106870229
4 0.27 0.4580152671755725 0.13 0.18702290076335878
4 0.2975 0.6316793893129771 0.1275 0.17557251908396945
4 0.6175 0.32061068702290074 0.13 0.183206106870229
4 0.6475 0.5019083969465649 0.1075 0.183206106870229
4 0.5325 0.5477099236641222 0.13 0.16030534351145037
4 0.4125 0.5973282442748091 0.1275 0.15267175572519084
4 0.45 0.7709923664122137 0.095 0.19083969465648856
4 0.56125 0.7213740458015268 0.1225 0.16793893129770993
4 0.3325 0.12022900763358779 0.1475 0.17557251908396945