9 0.1016949152542373 0.26 0.11864406779661017 0.4857142857142857
9 0.3949152542372881 0.5357142857142857 0.0288135593220339 0.1742857142857143
9 0.24152542372881355 0.6271428571428571 0.03220338983050847 0.12571428571428572
6 0.0923728813559322 0.1 0.1 0.16
6 0.3923728813559322 0.48 0.02711864406779661 0.05714285714285714
6 0.24067796610169492 0.5814285714285714 0.02711864406779661 0.03428571428571429
4 0.09830508474576272 0.2571428571428571 0.1 0.17142857142857143
4 0.10508474576271186 0.41714285714285715 0.1016949152542373 0.16285714285714287
4 0.23898305084745763 0.6285714285714286 0.025423728813559324 0.04285714285714286
4 0.24067796610169492 0.6671428571428571 0.023728813559322035 0.045714285714285714
4 0.3940677966101695 0.5371428571428571 0.02711864406779661 0.06
4 0.3949152542372881 0.5942857142857143 0.030508474576271188 0.06