6 0.377 0.4055232558139535 0.034 0.055232558139534885
6 0.563 0.13953488372093023 0.04 0.04941860465116279
6 0.463 0.22965116279069767 0.028 0.046511627906976744
6 0.628 0.3081395348837209 0.03 0.046511627906976744
6 0.711 0.688953488372093 0.036 0.05813953488372093
6 0.347 0.5813953488372093 0.028 0.0436046511627907
6 0.444 0.7340116279069767 0.05 0.05813953488372093
6 0.466 0.4563953488372093 0.03 0.05232558139534884
8 0.563 0.6206395348837209 0.03 0.061046511627906974
10 0.742 0.5072674418604651 0.034 0.05813953488372093
10 0.346 0.6380813953488372 0.038 0.055232558139534885
10 0.462 0.2819767441860465 0.024 0.0377906976744186
11 0.741 0.5537790697674418 0.04 0.04941860465116279
11 0.631 0.40988372093023256 0.038 0.04941860465116279
11 0.38 0.502906976744186 0.034 0.061046511627906974
11 0.349 0.6947674418604651 0.03 0.046511627906976744
11 0.715 0.7863372093023255 0.034 0.055232558139534885