6 0.178 0.34234234234234234 0.026 0.04804804804804805
6 0.177 0.3888888888888889 0.03 0.042042042042042045
6 0.313 0.23573573573573572 0.022 0.03903903903903904
6 0.339 0.23573573573573572 0.028 0.042042042042042045
11 0.581 0.23423423423423423 0.028 0.04804804804804805
11 0.84 0.22972972972972974 0.024 0.042042042042042045
9 0.175 0.40540540540540543 0.03 0.18618618618618618
9 0.354 0.23273273273273273 0.114 0.05105105105105105
3 0.553 0.23873873873873874 0.084 0.05105105105105105
3 0.81 0.22972972972972974 0.084 0.06006006006006006
4 0.363 0.23423423423423423 0.022 0.04804804804804805
4 0.388 0.23273273273273273 0.028 0.03903903903903904
4 0.525 0.24324324324324326 0.024 0.04504504504504504
4 0.55 0.24024024024024024 0.028 0.04504504504504504
4 0.787 0.23273273273273273 0.026 0.03903903903903904
4 0.812 0.22972972972972974 0.024 0.04504504504504504