9 0.491 0.39066666666666666 0.024 0.08
9 0.673 0.396 0.02 0.07733333333333334
6 0.492 0.36666666666666664 0.024 0.029333333333333333
6 0.671 0.368 0.022 0.029333333333333333
9 0.081 0.6146666666666667 0.026 0.09866666666666667
6 0.081 0.5893333333333334 0.022 0.029333333333333333
4 0.082 0.6186666666666667 0.022 0.021333333333333333
4 0.083 0.644 0.022 0.029333333333333333
4 0.491 0.39066666666666666 0.02 0.024
4 0.49 0.4146666666666667 0.02 0.029333333333333333
4 0.674 0.396 0.018 0.024
4 0.675 0.4186666666666667 0.018 0.029333333333333333