6 0.189 0.2122969837587007 0.048 0.07424593967517401
10 0.179 0.27726218097447797 0.062 0.06496519721577726
11 0.184 0.3468677494199536 0.064 0.0765661252900232
6 0.242 0.16937354988399073 0.082 0.0951276102088167
10 0.246 0.24245939675174014 0.082 0.08120649651972157
11 0.244 0.32830626450116007 0.074 0.08816705336426914
6 0.15 0.47447795823665895 0.064 0.0765661252900232
10 0.146 0.5440835266821346 0.076 0.06728538283062645
11 0.142 0.6136890951276102 0.064 0.07888631090487239
6 0.206 0.6194895591647331 0.084 0.08352668213457076
10 0.204 0.7111368909512761 0.082 0.09048723897911833
11 0.207 0.7958236658932715 0.078 0.07888631090487239
0 0.478 0.4408352668213457 0.078 0.10208816705336426
6 0.374 0.5672853828306265 0.088 0.0765661252900232
10 0.374 0.6508120649651972 0.082 0.08352668213457076
11 0.373 0.7331786542923434 0.086 0.08816705336426914
11 0.402 0.20649651972157773 0.102 0.08584686774941995
11 0.305 0.048723897911832945 0.066 0.07192575406032482
11 0.584 0.13225058004640372 0.054 0.07192575406032482
11 0.733 0.14965197215777262 0.06 0.08816705336426914
11 0.732 0.48607888631090485 0.084 0.09048723897911833
11 0.887 0.3990719257540603 0.068 0.08120649651972157
11 0.843 0.7169373549883991 0.07 0.07424593967517401
0 0.643 0.857308584686775 0.048 0.0765661252900232
0 0.43 0.7819025522041764 0.056 0.060324825986078884
6 0.723 0.703016241299304 0.062 0.09048723897911833
6 0.544 0.26218097447795824 0.088 0.08584686774941995
6 0.405 0.05568445475638051 0.092 0.0765661252900232
6 0.582 0.018561484918793503 0.062 0.037122969837587005
6 0.723 0.314385150812065 0.088 0.0951276102088167
6 0.728 0.024361948955916472 0.072 0.048723897911832945
6 0.831 0.5696055684454756 0.094 0.07888631090487239
10 0.836 0.648491879350348 0.09 0.06960556844547564
10 0.733 0.08004640371229699 0.076 0.058004640371229696
10 0.879 0.3294663573085847 0.06 0.058004640371229696
10 0.593 0.07192575406032482 0.078 0.04408352668213457
10 0.417 0.13805104408352667 0.098 0.08120649651972157
6 0.868 0.25406032482598606 0.074 0.08120649651972157