6 0.11875 0.21745562130177515 0.1375 0.25443786982248523
6 0.378125 0.22337278106508876 0.15 0.257396449704142
11 0.628125 0.7618343195266272 0.1546875 0.2781065088757396
10 0.88125 0.49556213017751477 0.1359375 0.2988165680473373
10 0.378125 0.4896449704142012 0.1421875 0.26331360946745563
4 0.63125 0.20857988165680474 0.1484375 0.3047337278106509
4 0.884375 0.20857988165680474 0.128125 0.29289940828402367
4 0.87265625 0.7485207100591716 0.134375 0.27514792899408286
4 0.63125 0.49556213017751477 0.15 0.2958579881656805
4 0.37421875 0.7662721893491125 0.15 0.26627218934911245
4 0.11640625 0.4896449704142012 0.1234375 0.25443786982248523
4 0.1203125 0.7588757396449705 0.140625 0.24260355029585798
9 0.1203125 0.48520710059171596 0.1578125 0.834319526627219
3 0.63203125 0.48520710059171596 0.1734375 0.8698224852071006
2 0.88828125 0.47781065088757396 0.1515625 0.8875739644970414