6 0.24453125 0.6842723004694836 0.071875 0.10093896713615023
6 0.484375 0.7276995305164319 0.0640625 0.11971830985915492
6 0.7375 0.6349765258215962 0.08125 0.10328638497652583
6 0.59453125 0.5234741784037559 0.08125 0.10328638497652583
6 0.79921875 0.4612676056338028 0.0546875 0.06572769953051644
6 0.22109375 0.20539906103286384 0.0625 0.07981220657276995
6 0.29921875 0.318075117370892 0.0953125 0.1056338028169014
10 0.23046875 0.778169014084507 0.0609375 0.09154929577464789
10 0.609375 0.37089201877934275 0.0578125 0.07981220657276995
10 0.5734375 0.05046948356807512 0.0625 0.08450704225352113
10 0.684375 0.19248826291079812 0.08125 0.09389671361502347
10 0.428125 0.3908450704225352 0.0828125 0.09624413145539906
0 0.40625 0.9389671361502347 0.0828125 0.12206572769953052