3 0.523 0.27466666666666667 0.03 0.09066666666666667
4 0.52 0.25066666666666665 0.022 0.037333333333333336
4 0.523 0.272 0.02 0.024
11 0.521 0.30133333333333334 0.026 0.029333333333333333
11 0.359 0.304 0.028 0.032
4 0.357 0.276 0.024 0.024
4 0.357 0.248 0.028 0.032
3 0.358 0.276 0.036 0.11733333333333333
9 0.202 0.284 0.038 0.10933333333333334
4 0.788 0.4093333333333333 0.026 0.02666666666666667
4 0.787 0.432 0.024 0.032
11 0.787 0.45866666666666667 0.024 0.032
3 0.787 0.432 0.024 0.09866666666666667