6 0.12109375 0.23323170731707318 0.1203125 0.21646341463414634
6 0.37578125 0.23628048780487804 0.109375 0.22865853658536586
10 0.86328125 0.4679878048780488 0.109375 0.21646341463414634
10 0.3859375 0.4725609756097561 0.1078125 0.21036585365853658
11 0.61640625 0.7225609756097561 0.1390625 0.21951219512195122
4 0.1296875 0.4801829268292683 0.1453125 0.23170731707317074
4 0.125 0.7195121951219512 0.13125 0.25914634146341464
4 0.37421875 0.7225609756097561 0.1328125 0.24390243902439024
4 0.62421875 0.22713414634146342 0.1234375 0.24390243902439024
4 0.6265625 0.4771341463414634 0.125 0.2225609756097561
4 0.87578125 0.2423780487804878 0.1359375 0.2225609756097561
4 0.86875 0.7179878048780488 0.1265625 0.25609756097560976
9 0.12109375 0.48628048780487804 0.1546875 0.7591463414634146
3 0.62421875 0.47560975609756095 0.15 0.7378048780487805
2 0.86875 0.49085365853658536 0.14375 0.7469512195121951