6 0.413 0.10266666666666667 0.094 0.12
4 0.417 0.21733333333333332 0.108 0.10933333333333334
4 0.43 0.328 0.094 0.104
9 0.417 0.216 0.122 0.37866666666666665
6 0.39 0.6293333333333333 0.068 0.088
4 0.393 0.7226666666666667 0.068 0.09066666666666667
4 0.391 0.816 0.078 0.09066666666666667
9 0.391 0.7253333333333334 0.096 0.31466666666666665
11 0.536 0.8146666666666667 0.07 0.096
4 0.54 0.7093333333333334 0.066 0.088
4 0.543 0.624 0.06 0.10933333333333334
3 0.535 0.7146666666666667 0.086 0.30133333333333334
11 0.528 0.9386666666666666 0.058 0.072