8 0.14609375 0.35833333333333334 0.025 0.044444444444444446
4 0.14453125 0.4083333333333333 0.0265625 0.041666666666666664
4 0.14453125 0.4486111111111111 0.0234375 0.03611111111111111
9 0.14453125 0.4 0.0453125 0.175
6 0.4078125 0.3527777777777778 0.03125 0.06111111111111111
4 0.409375 0.40555555555555556 0.028125 0.044444444444444446
4 0.409375 0.45 0.025 0.05
9 0.4109375 0.41388888888888886 0.05 0.17777777777777778
6 0.6578125 0.3527777777777778 0.034375 0.06111111111111111
4 0.66171875 0.40555555555555556 0.0296875 0.03888888888888889
4 0.65859375 0.4527777777777778 0.0265625 0.041666666666666664
9 0.65625 0.39861111111111114 0.0484375 0.17222222222222222