1 0.28444444444444444 0.5609375 0.06222222222222222 0.11875
11 0.04666666666666667 0.6140625 0.06888888888888889 0.1
11 0.26222222222222225 0.140625 0.07555555555555556 0.10625
11 0.4122222222222222 0.2015625 0.05555555555555555 0.071875
0 0.4666666666666667 0.7546875 0.05333333333333334 0.071875
0 0.2877777777777778 0.7375 0.04666666666666667 0.078125
0 0.15666666666666668 0.7609375 0.051111111111111114 0.075
10 0.04111111111111111 0.5140625 0.07333333333333333 0.09375
10 0.11666666666666667 0.184375 0.08888888888888889 0.134375
10 0.40444444444444444 0.13125 0.06444444444444444 0.08125
10 0.5244444444444445 0.309375 0.07555555555555556 0.115625
0 0.14333333333333334 0.3546875 0.051111111111111114 0.078125
0 0.31555555555555553 0.425 0.04666666666666667 0.06875