6 0.272 0.469 0.058666666666666666 0.048
6 0.32666666666666666 0.34 0.056 0.058
6 0.44 0.189 0.056 0.048
6 0.6773333333333333 0.301 0.06666666666666667 0.038
6 0.6733333333333333 0.445 0.056 0.052
6 0.4826666666666667 0.23 0.042666666666666665 0.042
6 0.5173333333333333 0.402 0.056 0.05
11 0.4573333333333333 0.667 0.06133333333333333 0.038
8 0.6 0.294 0.048 0.042
9 0.48533333333333334 0.266 0.07733333333333334 0.142
9 0.676 0.342 0.06666666666666667 0.124
9 0.6773333333333333 0.48 0.06133333333333333 0.132
9 0.2733333333333333 0.504 0.06133333333333333 0.13
3 0.4533333333333333 0.623 0.064 0.138
9 0.332 0.377 0.06133333333333333 0.138
9 0.5093333333333333 0.445 0.072 0.144